function cities = GetCitiesLocations()
    %It should read form file, but for now its manually added

    %6 Cities
    %cities = [5 10; 10 20; 30 20; 40 90; 60 30; 25 25];
    
    %12 Cities
    %cities = [5 10; 10 20; 5 50; 30 20; 40 90; 50 50; 25 25; 75 75; 25 5; 60 30; 10 35; 95 55];

    %24 Cities
    %cities = [5 10; 10 20; 5 50; 30 20; 40 90; 50 50; 25 25; 75 75; 25 5; 60 30; 10 35; 95 55; ...
    %            15 10; 15 25; 50 45; 35 55; 45 90; 55 50; 30 30; 60 60; 35 5; 65 30; 65 35; 95 45
    %        ];

    %6 Cities (Rectangle)
    cities = [10 20; 20 20; 30 20; 10 40; 20 40; 30 40];
    
end